659
492
372
270
20
66
106
76
77
67
46
32
35
36
48
39
36
22
26
19
23
30
22
14
23
33
17
9
16
12
24
18
11
18
15
7
5
9
18
11
14
7
8
9
12
6
13
5
8
19
6
8
5
12
2
8
5
7
15
8
3
6
5
3
4
2
5
4
5
7
3
8
2
4
13
9
8
5
5
4
7
2
6
4
8
3
2
3
5
2
5
2
3
2
6
4
3
5
3
3
1
2
8
2
2
0
6
5
3
2
5
5
5
6
8
4
1
4
5
2
6
1
1
6
6
5
4
2
4
4
3
4
2
1
4
1
0
2
2
5
3
2
5
1
5
4
1
1
4
2
1
1
4
4
4
3
2
1
1
2
3
3
4
1
0
3
3
0
1
2
3
0
1
1
3
2
1
2
2
2
2
5
3
1
1
2
3
0
0
2
1
0
1
1
2
1
2
0
3
1
2
2
4
0
4
0
0
3
1
0
4
0
1
2
3
1
2
0
1
1
1
1
1
0
2
1
1
0
2
0
0
0
1
2
1
1
0
0
1
1
0
0
2
1
0
0
0
1
0
1
2
1
1
0
1
0
0
0
1
0
1
0
0
4
0
0
1
0
0
0
0
0
0
0
0
0
0
